H 5.38088 -0.592098 14.9304
H 5.1768 -2.58568 14.7903
H 4.24411 0.23327 15.5474
H 3.30967 -0.472419 16.522
H 3.10644 -2.49144 16.3924
H 3.8665 -3.23657 15.3534
H 1.57082 -4.59814 5.71295
H 1.493 -1.20386 5.13931
H 0.244861 -1.47326 5.21792
H 5.14017 -5.27058 8.72282
H 5.88028 -4.48763 8.70451
H 4.44162 -6.26122 10.7537
H 6.48549 -5.71065 11.8726
H -3.49158 -2.0056 13.6822
H -3.5692 -0.631843 13.06
H -4.56441 -2.62784 11.8662
H -3.91347 -2.85135 13.1482
H -4.38229 -1.33372 11.1121
H -3.95498 -0.48395 11.642
H -1.37549 1.38514 8.16909
H -2.63681 0.753266 8.70297
H -0.605763 0.715657 7.09889
H -3.07657 -0.0731781 8.11279
H -2.3584 -0.60668 6.85408
H -1.06926 -0.142342 6.54771
H -1.5743 3.29395 10.6618
H -2.44694 2.4022 11.3777
H -0.98516 2.79844 8.76151
H -3.29927 1.36685 10.5827
H 0.275143 3.7265 13.1419
H -0.872589 3.24867 13.9285
H 0.0760298 4.13183 11.7506
H -2.51468 2.45615 12.8882
H 4.77399 -4.23429 7.35387
H 5.64803 -3.82621 7.87932
H 4.41032 -5.10343 7.87932
H -0.447954 2.06374 15.6366
H 0.958585 1.71931 15.9494
H 1.68881 3.80738 13.8662
H 2.06737 2.61965 15.4338
H 3.34745 -6.99669 13.0769
H 4.1092 -5.41197 14.0801
H 2.13222 -7.27026 13.1876
H 0.930543 -6.1045 14.3394
H 1.39275 -5.1528 14.9365
H 3.37479 -4.72043 14.7897
H 5.59153 1.4529 12.4036
H 5.67003 1.70093 10.9741
H 4.8696 2.5087 13.3186
H 3.21873 3.61198 11.026
H 3.45827 3.71348 12.4555
H 4.28806 3.00538 10.111
H 6.20875 0.150938 12.9929
H 6.89027 -0.440228 12.3882
H 7.21003 -0.0146278 11.0114
H 6.39726 1.07711 10.3647
H 3.67874 0.745644 6.40269
H 4.28591 1.53944 7.57327
H 2.15584 2.16078 7.90868
H 1.5794 1.22012 6.95846
H 3.63169 2.12951 8.19099
H 2.26769 0.606039 6.29988
H 4.18002 -6.36486 10.8792
H 5.53106 -4.91728 13.7838
H -2.96406 -5.55417 7.97103
H -1.29913 -5.58908 6.6641
H -2.58264 -6.80532 9.57333
H 0.188427 -6.82475 7.55883
H -0.645403 -7.64132 9.33756
H -1.40759 -1.04301 15.9803
H -0.108829 -1.24776 16.766
H -2.1594 -2.27564 15.4538
H 0.874624 -2.97139 16.5663
H 0.345389 -4.02754 15.6229
H -1.12788 -4.01228 15.2561
H -3.50013 -4.97055 13.7863
H -0.733142 -6.27426 14.2308
H -1.42532 -7.47458 12.4874
H -1.66802 -5.03806 14.6227
H 5.00951 -1.04643 5.69052
H 6.36008 1.1123 8.10261
H 1.15646 3.32911 8.57662
H 1.78757 4.11375 10.3741
H 7.50531 -2.47515 13.0275
H 5.9643 -3.28801 14.1394
H 7.97338 -1.68717 9.55195
H 4.10857 1.75557 15.223
H -1.93064 0.430386 15.692
H 1.29419 0.396474 16.801
H -3.2195 0.678456 14.0063
H -2.86982 -2.86075 6.28373
H -4.72755 -4.54124 10.4868
H 2.56323 -7.57216 9.63942
H -4.70331 -1.32883 8.9648
